158
123
142
179
104
124
173
125
138
114
160
172
154
149
128
198
121
163
162
127
161
104
107
140
156
112
172
102
123
136
189
146
127
150
147
152
177
166
135
108
162
191
176
101
187
186
155
191
123
150
152
179
189
150
152
188
147
192
100
152
191
120
129
114
121
120
171
158
196
128
175
187
128
172
154
127
192
122
160
156
175
104
117
176
119
106
104
186
134
165
112
127
147
125
155
165
128
120
137
175
114
124
194
124
186
103
146
172
191
123
139
155
105
155
130
173
138
166
150
130
145
195
174
160
180
100
119
191
124
107
145
111
169
132
130
131
151
136
103
174
195
156
153
191
197
176
198
110
181
140
167
199
178
148
111
161
190
118
161
136
112
192
179
148
117
101
162
122
148
121
147
142
111
100
110
102
112
152
184
190
188
159
178
148
102
100
192
143
172
190
144
106
129
116
104
160
120
185
176
147
117
153
